1063388 -->     3,50
1073260 -->     5,50
1075359 -->     8,50
1078916 -->     5,50
1083324 -->     7,00
1084270 -->     7,50
1084405 -->     3,00
1084549 -->     4,50
1087024 -->     5,50
1087274 -->     4,00
1087323 -->     5,00
1087652 -->     5,00
1087740 -->     4,50
1087914 -->     4,00
1089145 -->     5,50
1089289 -->     6,00
1089400 -->     5,00
1089582 -->     8,50
1093616 -->     7,00
1093790 -->     3,50
1094657 -->     3,00
1097591 -->     4,00
1097606 -->     8,00
1097612 -->     4,00
1097703 -->     8,50
1097712 -->     3,50
1097715 -->     6,00
1097724 -->     6,00
1097943 -->     4,50
1097973 -->     3,00
1098060 -->     7,50
1098079 -->     6,00
1098080 -->     6,00
1098118 -->     6,00
1098119 -->     3,50
1098185 -->     5,50
1098313 -->     5,00
1098536 -->     3,00
1098778 -->     3,00
1099114 -->     6,50
1099138 -->     6,50
1099158 -->     4,50
1099243 -->     5,00
1099264 -->     4,00
1099336 -->     3,50
1099386 -->     6,00
1099740 -->     5,50
1100073 -->     3,50
1100538 -->     5,50
1100762 -->     3,00
1101120 -->     6,00
1101759 -->     8,50
1101827 -->     4,00
1103902 -->     5,00
1075878 -->     1,50
1081677 -->     1,50
1087709 -->     1,50
1087926 -->     1,50
1088826 -->     1,50
1090833 -->     1,50
1092775 -->     1,50
1093031 -->     1,50
1095085 -->     1,50
1098370 -->     1,50
1098433 -->     1,50
1098648 -->     1,50
1098711 -->     1,50
1098781 -->     1,50
1099007 -->     1,50
1099156 -->     1,50
1099360 -->     1,50
1100041 -->     1,50
1100070 -->     1,50
1101664 -->     1,50